40.171576590650915     
100.0
100.0
90.59959677077927      
92.63629751047785      
59.88990878494067      
99.62314655734716      
37.18878914382759      
70.30001320179682      
100.0
95.38615334048018      
43.334671851970995     
100.0
95.12590061960128      
89.02718594865672      
49.151312077454264     
100.0
69.84095457287049      
100.0
94.67836892824559      
19.679570684402933     
94.9992151209239       
74.7332002911356       
80.49857197287153      
34.240454282654696     
38.15625450131205      
54.99569677274121      
27.59996988056919      
48.04619430422821      
44.73868184452047      
61.97968967527788      
100.0
42.59523988243532      
100.0
73.34511370867895
76.4983190129393
48.0082274650934
52.34736255942417
83.85987305315999
-70.20603566323108
99.90674609087566
73.97987289570003
100.0
87.95335767820507
46.995556069365875
73.05684639646518
61.676245084674434
30.837928411456488
100.0
66.44349291777718
34.64337716836934
59.77071290815434
73.293686154841
25.73379269335024
72.73438125004057
100.0
86.95240414158786
100.0
48.86917397627232
22.64997990593399
100.0
63.42924982479599
65.63368399831174
57.74382213397493
97.70041772823839
92.51492872830653
62.15648027603265
76.59988328455455
48.02808556247555
55.56458272674416
37.23782334259448
100.0
50.47965373772294
100.0
78.00714680006118
100.0
96.86974660188517
100.0
44.67037984292733
28.479452918052516
82.79555555950984
92.62038163181367
100.0
100.0
100.0
100.0
93.44592321354426
81.90040831901936
75.01075670528635
54.35692175718529
75.18720127958309
80.98259822841467
-2.522187897691879
48.778369506336986
58.53423188706566
95.52222778793734
81.20320839624986
79.55049452267258
-10.040728044480517
100.0
90.93532341889855
91.74061058532834
100.0
79.90519074832329
100.0
63.43647757952806
61.30412464623936
100.0
87.54154156561512
100.0
30.130984100556304
90.55539811315867
-72.42042724582238
99.59343898801251
89.48024556545485
43.2862288942529
78.69322908182926
69.59076276330595
100.0
79.53898282711626
44.1579317101295
61.469939947943374
9.975655642653578
53.49116276539593
71.39642400448281
84.09781150393817
54.4956149620769
76.27219503719704
100.0
100.0
87.77258642039786
35.635044977408256
39.9449522994413
100.0
92.56329314507988
91.72061508280407
74.64409253163899
95.49550295792744
80.42515855784723
100.0
100.0
78.3566022499648
100.0
100.0
58.645302511178386
46.47613640775225
100.0
47.453970083873315
61.36863343682603
100.0
-13.44624673764055
58.54239010884706
33.044950083539646
-100.0
22.521884609338855
100.0
79.85747172893767
100.0
90.53935507609185
100.0
100.0
100.0
93.08228697666084
72.9970436215601
100.0
100.0
100.0
73.19641456793579
15.819296342452503
55.86854817810959
28.01155528727051
-2.175364536297238
100.0
75.72948575269942
100.0
100.0
100.0
86.04401292259209
70.96234297371407
22.465279371946494
-4.752913003489454
4.003699390009928
62.51111819342984
97.48455111740353
21.835499670537118
-70.16308946165306
100.0
19.755070626621247
79.87535923347423
-15.261141407719691
31.558012515425162
59.85217029552652
72.35091375352292
61.62947571286094
49.50453968375794
64.20381777327799
97.33757664478597
100.0
100.0
100.0
86.97262405879383
-55.65387651062627
37.40497003033437
28.352936078675413
30.45638560777371
65.96624739742927
27.060856658545575
46.19279877027998
100.0
67.56295576466613
84.07350901302726
100.0
100.0
58.41106733935416
58.194486983030856
88.38673510892431
93.46556539020588
81.52391864272761
80.93792816282235
100.0
87.40177134284275
37.132387388365146
53.23491884145767
24.113548518363004
35.38944556535577
100.0
75.42306673465825
100.0
100.0
89.74779356694103
77.39693450879088
70.40128495016214
100.0
90.56840026784118
56.70571262994579
99.23636872303683
0.8629576282465479
56.3229295875835
33.244924838896765
100.0
30.691111104881912
80.39388806668626
17.101308776050033
65.45807274774631
100.0
48.04827922520974
29.37373281628365
100.0
80.94000814911828
61.44341274011822
91.53198528730229
82.93722340934386
73.743442417696
56.76956494806842
51.172705595130736
86.61656224497287
11.323581805738527
31.359980398673372
34.90197525755167
78.33748694982037
58.58021326712753
100.0
51.776356706698124
60.595654477277236
72.62614372748061
100.0
93.78750419682112
91.54418409948826
58.21434177930789
89.32570486451417
63.57211537935194
79.36659756012025
85.38517252809086
92.59949592078439
85.10665895282258
100.0
60.60704376482562
95.92498481592852
99.08238299513096
55.52046990801813
63.4278157449983
100.0
97.43474531083359
58.312550605425145
63.682683211637766
100.0
100.0
100.0
56.58389240322222
100.0
31.140064248470992
48.41691899704168
100.0
73.99366298651597
100.0
33.864007957746395
85.26413629614993
-8.917595331143218
100.0
100.0