-100.0
-96.21856815869957
-100.0
-100.0
-100.0
-100.0
-86.95122754601519
-100.0
-100.0
-99.86941458442628
-100.0
-100.0
-51.931125707596586
-100.0
-100.0
-100.0
-100.0
-90.08531184954265
-85.760819803491
-100.0
-83.48788821566389
-100.0
-100.0
-75.34820486436908
-100.0
-100.0
-97.74798586531146
-100.0
-100.0
-100.0
-100.0
-100.0
-100.0
-100.0
-100.0
-100.0
-100.0
-100.0
-100.0
-100.0
-100.0
-100.0
-66.35276721099424
-100.0
-72.61972531617677
-100.0
-100.0
-89.24499774532156
-94.45098781593263
-100.0
-100.0
-97.51583082932042
-100.0
-100.0
-100.0
-99.5470327559168
-100.0
-86.41468282051322
-100.0
-100.0
-100.0
-59.661901935277584
-100.0
-68.41635007165387
-47.86594048472009
-100.0
-100.0
-100.0
-100.0
-75.36678075543568
-100.0
-100.0
-100.0
-96.64059549783654
-100.0
-85.30679491311291
-100.0
-100.0
-100.0
-87.2107173096388
-100.0
-87.76026838303
-93.67710551664217
-99.77850690015237
-100.0
-100.0
-100.0
-96.95471535017924
-90.04370182227741
-100.0
-100.0
-100.0
-98.3753653243492
-100.0
-92.9466110538168
-100.0
-100.0
-100.0
-100.0
-100.0
-100.0
-90.51596332907421
-98.99132701611155
-94.95186761342246
-58.06536033758858
-100.0
-72.73350423539333
-89.79501881522374
-97.2408086684608
-70.12552627073379
-92.48811299608624
-100.0
-100.0
-99.81803774378794
-100.0
-100.0
-100.0
-100.0
-100.0
-100.0
-100.0
-94.78303303360812
-100.0
-87.76983405456983
-71.99885467116228
-100.0
-92.4739449147482
-100.0
-89.99063157582141
-100.0
-75.22553323668475
-100.0
-100.0
-100.0
-75.80808996619395
-100.0
-77.91951816645916
-77.42701914725427
-77.54553186297869
-100.0
-97.76391104092725
-100.0
-100.0
-100.0
-98.95270104901063
-90.75325405572065
-93.12105193983055
-94.87440235863407
-72.44311060886069
-100.0
-100.0
-100.0
-100.0
-82.63173959981049
-79.94337182639848
-100.0
-100.0
-100.0
-100.0
-100.0
-77.44697087817069
-100.0
-98.44663568780396
-100.0
-90.68800625146125
-92.45373096600566
-95.97915334330297
-100.0
-100.0
-100.0
-100.0
-100.0
-92.25066049603116
-80.51528207937008
-90.15049150705642
-47.96830925007896
-99.04545044448511
-100.0
-100.0
-100.0
-85.45147203398639
-100.0
-100.0
-68.42316181020581
-79.054244052615
-100.0
-100.0
-100.0
-85.70676451771023
-100.0
-100.0
-100.0
-79.44924283595829
-100.0
-100.0
-100.0
-100.0
-80.55417384907527
-89.59189013687087
-98.64740181184015
-77.6886710126841
-100.0
-100.0
-100.0
-78.48667158959097
-99.76798551165979
-100.0
-100.0
-100.0
-90.47366035499132
-95.40859243012059
-100.0
-94.27365136253911
-80.93241725086774
-91.56338427284349
-100.0
-100.0
-100.0
-82.02834756269104
-100.0
-100.0
-100.0
-100.0
-100.0
-93.97599262359988
-100.0
-100.0
-96.73594614150419
-100.0
-100.0
-90.97707380767652
-80.95764562239985
-100.0
-93.9733796933408
-100.0
-100.0
-100.0
-100.0
-100.0
-84.07364190202786
-100.0
-84.9299286886753
-100.0
-100.0
-100.0
-78.83606048611597
-82.59915428997792
-100.0
-100.0
-83.62352012943538
-100.0
-100.0
-93.06467508900703
-100.0
-84.42802713246138
-100.0
-91.35931464875094
-100.0
-73.52105839350281
-92.404317637199
-72.06577829380429
-100.0
-100.0
-88.276841616886
-100.0
-95.88487330984096
-93.51751018086325
-90.73336057994628
-99.9604329001461
-80.6707231880961
-99.14962350372507
-97.65735058651705
-55.95256761297181
-87.85411039261948
-98.24039709044192
-99.46466268179068
-99.32282369705132
-100.0
-100.0
-93.02409412182332
-100.0
-100.0
-100.0
-57.657961911049846
-97.07121627830684
-100.0
-100.0
-98.08301533655336
-100.0
-100.0
-100.0
-100.0
-100.0
-100.0
-100.0
-91.89341422396419
-100.0
-100.0
-85.46592291866405